860732750
3039670569
428377485
862441057
949791643
66339576
2439032940
236123167
889800199
2421113695
2847193511
474024788
13357022
570218986
2410757033
704770332
41994911
3486342376
191477836
454953528
577898324
1553515952
755492
2160100849
968009600
2180170945
182342893
3309943667
2556165656
180710784
599906701
970730893
1149861595
454949705
292049726
58530085
2999081626
984034556
474032413
738123426
701667727
48018562
2390604067
454935106
2159578584
1112465706
2431922835
261625073
701635518
555391095
456901717
3000230307
1282021914
1018975693
908079697
27979742
351616384
1446637388
18508140
2282671736
1064048923
2180163722
834853818
920810138
2386280263
454951777
2480954209
1567134702
26793488
2872511678
2555886554
1235726378
2414766176
468186482
454939274
560667388
3133912400
1155660415
776366552
454932669
1618225879
838844760
1221639800
1244325504
1601985229
454942379
908669598
554748584
2290348602
2155926588
2777246004
15895373
359189928
2264228661
3060210854
1876585759
224793774
2151505908
474027403
281217033
170815201
241484212
2180168234
310327204
6096262
2847028078
393852070
2151416029
2820666877
474022050
3145319834
2846982741
602025991
579170400
83095317
2396091192
1023006482
454956531
454944493
701625379
770712578
66701834
814087280
456869324
126881128
2180171528
1948294874
2802170367
768178994
889219836
1708407080
287209442
1696937947
