127477913
14363353
22910295
39585367
95345571
180505807
14662354
15079924
52837170
121149217
2425151
21915474
15670515
78648493
1587156410
903716863
382267114
821264336
17237540
61559439
17393196
441129326
10503302
181960446
27138998
17351972
17307429
10263212
5694822
9624742
20348431
16212685
21773943
6329632
148425368
1541461
346742249
819791
17193794
17505100
88710657
633613453
165262228
10671602
125006370
17169239
15225275
14365068
9636292
14173315
19709040
20536157
783214
509140285
234264720
109224937
104561488
415859364
15392391
5695032
28421825
176932593
15635604
56505125
7212562
19720019
20523846
6519522
14146389
170863272
14654552
74286565
3300594994
34089346
74594552
16134525
20477619
203144854
14874480
23482357
1417811990
11348282
33898911
23228670
59553554
5838072
33474655
3307218826
15585350
18173624
125988399
183398746
58561993
29304837
713143
73136614
19315174
26787673
19608297
226635073
86395621
21465230
18036441
92793164
27487343
57610146
2735591
18220249
14825011
295325513
19679993
14104847
169295562
16193578
2803191
289431709
29797400
1287816733
49753110
551373363
300360969
71026122
18481641
14049061
15687962
48691731
18458348
18139619
11511
844158379
44917585
20264905
38709939
