3118990312
81411806
364571580
589330728
1493556493
605653521
233479650
20141368
1391965435
19166504
748207255
47289539
2187716723
37972564
1936115582
1136006574
1027930968
222218526
224373118
1543337438
548194952
1320201877
449062114
1534625616
954987200
33166289
242782292
544345692
578077787
256673660
1917443196
121689464
501194214
17370416
18813733
1086630655
1706813946
2419478647
738047929
3221739074
1151149782
762957108
3000103580
839756383
62611945
1420204274
164646789
750522085
873177168
2539482941
1088278206
316409023
886531250
2156940021
870356874
3275280210
818015917
570055572
196767700
2681135038
937650067
251216523
992420180
334653831
406805576
777608238
575080511
95464392
228162333
1590125132
364434740
479620121
432285012
181486149
427041761
454502784
1412812460
1541040451
399096658
371958967
840989887
3146556205
276351194
41500892
1308160861
27203891
2791017719
760497145
108600008
1892203130
306122378
2326160400
1645092025
925289886
174090969
414966785
57440214
1536097584
633242495
35247320
147116549
279215718
530923361
175113396
2272589234
364853113
539602656
3023088379
1399095721
1411318994
737445668
345281092
412481600
170004727
2442265412
587350488
1448453257
1323716664
284309036
16936925
343426215
233911058
1069605667
913256586
616710692
328929651
3189132541
948169838
616430674
24405890
1570867544
231786281
791833033
3386824993
2340259452
114550225
45589941
257801311
618446296
75615621
1210398499
224653925
370588433
189749319
46500300
234438387
1399075434
228999336
2497599436
1907229372
2499874323
214971843
1243914032
930111590
1920449888
2429459926
1271183581
2318285106
83374566
1025885754
197945581
313905558
1018330518
1221348840
340741479
963815515
2262381043
348041108
3085167816
1967529066
564824709
1463732749
2312903407
705880874
557982840
249959388
1087372789
624686592
1051485073
821348810
2997974001
1317481927
32758962
468992181
1623359360
2768389184
380514794
1568551994
794488351
16568762
75481911
485876157
1545065821
631118549
1608868010
29302512
369131855
1170875034
621371995
583791001
59756763
872801618
230183136
498252523
2971121226
184507297
3007560220
242788122
548690391
2723391287
191204865
242426138
369837920
464405186
2504195118
1035621588
497421000
863455256
347328963
391343649
3121716578
622706792
3287811726
291586072
152098922
554420343
737611915
2776062474
538972577
1611013506
349834076
1182730232
286407838
172693958
208105450
925598886
243483405
326341857
591845087
1031477473
925791410
899225095
153330364
1073738846
308488128
542138869
624794776
759955687
1416567235
827200224
387330744
3268779386
3260514296
3262156738
3181940765
3150550640
581288220
430460434
434713683
406668166
342676946
23608492
100998092
705115082
288399073
1408720933
54865558
1046700475
2682392123
722662603
567426574
728941231
3031578477
36481485
432923180
889049881
915436405
988175107
499520033
1213502910
585746693
2175479877
461519473
113064782
305854414
3010343066
746270606
2381473801
