0,798 0,796
0,798 0,796
0,798 0,796
0,798 0,796
0,798 0,796
0,798 0,796
0,798 0,796
0,796 0,794
0,796 0,794
0,796 0,794
0,796 0,794
0,796 0,794
0,796 0,794
0,796 0,794
0,796 0,794
0,796 0,794
0,796 0,794
0,796 0,794
0,796 0,794
0,796 0,794
0,798 0,796
0,798 0,796
0,799 0,798
0,799 0,798
0,799 0,798
0,799 0,798
0,799 0,798
0,799 0,798
0,799 0,798
0,799 0,798
0,798 0,796
0,796 0,795
0,796 0,795
0,796 0,795
0,796 0,795
0,801 0,799
0,801 0,799
0,801 0,799
0,803 0,801
0,806 0,804
0,806 0,804
0,806 0,804
0,806 0,804
0,806 0,804
0,799 0,798
0,799 0,798
0,799 0,798
0,814 0,811
0,814 0,811
0,814 0,811
0,814 0,811
0,816 0,813
0,816 0,813
0,817 0,814
0,817 0,814
0,819 0,815
0,821 0,817
0,821 0,817
0,821 0,817
0,821 0,817
0,821 0,818
0,822 0,819
0,822 0,819
0,822 0,819
0,822 0,819
0,822 0,819
0,824 0,819
0,824 0,819
0,826 0,822
0,826 0,822
0,822 0,818
0,822 0,818
0,822 0,819
0,824 0,820
0,822 0,819
0,819 0,816
0,819 0,816
0,817 0,813
0,817 0,813
0,817 0,814
0,817 0,814
0,819 0,815
0,817 0,814
0,817 0,814
0,813 0,805
0,813 0,805
0,814 0,808
0,816 0,809
0,814 0,807
0,814 0,807
0,813 0,806
0,814 0,808
0,814 0,808
0,817 0,812
0,801 0,794
0,799 0,793
0,804 0,799
0,804 0,799
0,804 0,798
0,804 0,798
0,803 0,797
0,806 0,800
0,811 0,804
0,808 0,804
0,811 0,807
0,799 0,794
0,799 0,794
0,803 0,798
0,796 0,790
0,789 0,785
0,788 0,783
0,789 0,785
0,786 0,783
0,788 0,784
0,803 0,797
0,804 0,799
0,794 0,786
0,804 0,796
0,798 0,790
0,798 0,789
0,794 0,787
0,801 0,793
0,803 0,795
0,788 0,777
0,794 0,783
0,791 0,776
0,789 0,773
0,789 0,773
0,793 0,774
0,768 0,749
0,773 0,751
0,742 0,713
0,692 0,693
0,696 0,696
0,699 0,691
0,490 0,219