0,778 0,765
0,778 0,765
0,776 0,763
0,780 0,767
0,778 0,766
0,778 0,766
0,778 0,766
0,778 0,766
0,778 0,766
0,780 0,768
0,778 0,766
0,778 0,766
0,780 0,767
0,780 0,767
0,780 0,767
0,780 0,767
0,780 0,767
0,780 0,767
0,780 0,767
0,780 0,767
0,780 0,767
0,780 0,767
0,776 0,764
0,776 0,764
0,776 0,764
0,775 0,762
0,776 0,764
0,776 0,764
0,776 0,764
0,776 0,764
0,778 0,765
0,776 0,763
0,776 0,763
0,776 0,763
0,776 0,763
0,776 0,763
0,776 0,763
0,770 0,756
0,775 0,762
0,775 0,762
0,775 0,762
0,770 0,756
0,770 0,756
0,770 0,756
0,770 0,756
0,770 0,756
0,768 0,755
0,770 0,756
0,768 0,755
0,773 0,760
0,775 0,762
0,776 0,763
0,776 0,763
0,778 0,765
0,780 0,766
0,778 0,765
0,776 0,764
0,776 0,764
0,775 0,762
0,775 0,762
0,775 0,762
0,778 0,765
0,785 0,771
0,783 0,769
0,783 0,769
0,785 0,771
0,785 0,771
0,785 0,771
0,783 0,769
0,785 0,771
0,785 0,771
0,771 0,758
0,773 0,760
0,778 0,765
0,783 0,770
0,783 0,770
0,788 0,775
0,789 0,777
0,788 0,775
0,793 0,781
0,781 0,770
0,794 0,781
0,794 0,781
0,794 0,781
0,793 0,779
0,796 0,782
0,793 0,779
0,791 0,778
0,789 0,774
0,789 0,774
0,785 0,769
0,783 0,769
0,781 0,767
0,771 0,756
0,785 0,771
0,783 0,769
0,783 0,769
0,786 0,774
0,780 0,767
0,780 0,767
0,776 0,763
0,773 0,760
0,768 0,755
0,770 0,756
0,766 0,752
0,766 0,752
0,771 0,758
0,771 0,759
0,780 0,767
0,771 0,760
0,766 0,754
0,783 0,771
0,794 0,782
0,794 0,783
0,794 0,785
0,786 0,776
0,760 0,747
0,755 0,745
0,750 0,741
0,753 0,741
0,755 0,744
0,757 0,750
0,760 0,752
0,742 0,732
0,738 0,729
0,729 0,714
0,671 0,665
0,694 0,688
0,697 0,692
0,679 0,676
0,676 0,672
0,676 0,673
0,679 0,679
0,651 0,647
0,633 0,628
0,490 0,219