0,618 0,637
0,628 0,646
0,617 0,635
0,618 0,637
0,604 0,624
0,600 0,621
0,604 0,624
0,599 0,619
0,600 0,621
0,600 0,621
0,597 0,618
0,597 0,618
0,587 0,608
0,587 0,608
0,589 0,610
0,592 0,613
0,592 0,613
0,592 0,613
0,592 0,613
0,592 0,613
0,587 0,609
0,587 0,609
0,589 0,610
0,589 0,610
0,589 0,610
0,592 0,613
0,590 0,612
0,590 0,612
0,590 0,612
0,594 0,615
0,587 0,608
0,590 0,611
0,590 0,611
0,590 0,611
0,590 0,611
0,595 0,616
0,597 0,616
0,594 0,614
0,597 0,617
0,605 0,625
0,605 0,625
0,605 0,625
0,609 0,628
0,609 0,628
0,622 0,640
0,632 0,650
0,641 0,660
0,650 0,667
0,660 0,677
0,656 0,674
0,666 0,683
0,664 0,681
0,679 0,694
0,691 0,705
0,691 0,704
0,694 0,708
0,694 0,708
0,706 0,718
0,734 0,742
0,743 0,750
0,753 0,758
0,750 0,755
0,753 0,758
0,755 0,759
0,765 0,768
0,763 0,765
0,762 0,763
0,765 0,766
0,766 0,767
0,773 0,776
0,781 0,781
0,780 0,780
0,781 0,782
0,776 0,777
0,776 0,776
0,775 0,776
0,778 0,779
0,783 0,784
0,783 0,784
0,783 0,785
0,783 0,784
0,776 0,779
0,773 0,775
0,776 0,778
0,775 0,776
0,768 0,768
0,770 0,770
0,773 0,771
0,773 0,771
0,773 0,772
0,775 0,774
0,773 0,772
0,778 0,779
0,768 0,772
0,770 0,774
0,765 0,770
0,762 0,767
0,763 0,770
0,765 0,771
0,763 0,770
0,763 0,768
0,765 0,771
0,768 0,775
0,781 0,781
0,781 0,779
0,785 0,779
0,789 0,783
0,785 0,779
0,780 0,774
0,775 0,770
0,776 0,771
0,773 0,768
0,766 0,761
0,771 0,766
0,770 0,765
0,781 0,776
0,775 0,771
0,773 0,770
0,768 0,765
0,768 0,766
0,778 0,776
0,765 0,765
0,760 0,760
0,766 0,764
0,742 0,739
0,725 0,724
0,717 0,717
0,727 0,725
0,715 0,713
0,720 0,714
0,742 0,733
0,740 0,732
0,722 0,710
0,735 0,720
0,743 0,714
0,490 0,219