0,864 0,860
0,863 0,859
0,863 0,859
0,865 0,861
0,863 0,860
0,863 0,860
0,866 0,862
0,867 0,863
0,863 0,859
0,863 0,859
0,862 0,859
0,865 0,861
0,863 0,859
0,863 0,859
0,864 0,860
0,863 0,859
0,863 0,859
0,864 0,860
0,865 0,861
0,863 0,859
0,865 0,861
0,862 0,857
0,864 0,861
0,865 0,862
0,864 0,861
0,864 0,861
0,868 0,864
0,868 0,864
0,867 0,863
0,866 0,863
0,866 0,862
0,865 0,861
0,868 0,864
0,866 0,863
0,867 0,863
0,868 0,864
0,869 0,866
0,866 0,862
0,867 0,863
0,866 0,862
0,866 0,863
0,869 0,866
0,869 0,865
0,868 0,864
0,868 0,865
0,868 0,865
0,871 0,867
0,869 0,864
0,868 0,865
0,868 0,864
0,868 0,864
0,870 0,867
0,868 0,865
0,869 0,866
0,872 0,868
0,871 0,867
0,869 0,866
0,871 0,868
0,870 0,866
0,869 0,865
0,871 0,867
0,873 0,869
0,873 0,869
0,871 0,868
0,874 0,870
0,872 0,868
0,871 0,867
0,872 0,869
0,874 0,871
0,875 0,871
0,874 0,871
0,874 0,870
0,872 0,869
0,872 0,868
0,873 0,870
0,874 0,870
0,874 0,870
0,873 0,869
0,875 0,871
0,874 0,871
0,875 0,870
0,876 0,872
0,874 0,870
0,874 0,870
0,874 0,870
0,874 0,870
0,875 0,872
0,874 0,870
0,876 0,871
0,875 0,872
0,873 0,869
0,875 0,871
0,873 0,869
0,873 0,869
0,872 0,868
0,873 0,870
0,873 0,870
0,873 0,869
0,875 0,872
0,874 0,871
0,876 0,872
0,875 0,872
0,874 0,870
0,858 0,855
0,861 0,856
0,856 0,851
0,857 0,853
0,855 0,851
0,855 0,850
0,853 0,849
0,854 0,849
0,857 0,853
0,850 0,845
0,849 0,843
0,846 0,842
0,847 0,842
0,851 0,846
0,850 0,846
0,850 0,845
0,849 0,845
0,848 0,843
0,847 0,842
0,847 0,842
0,830 0,825
0,827 0,821
0,816 0,808
0,805 0,798
0,805 0,797
0,808 0,801
0,796 0,787
0,793 0,784
0,749 0,742
0,717 0,710
0,673 0,665
0,626 0,624
0,490 0,219