0,490 0,219
0,490 0,219
0,490 0,219
0,490 0,219
0,490 0,219
0,490 0,219
0,490 0,219
0,490 0,219
0,490 0,219
0,490 0,219
0,490 0,219
0,490 0,219
0,490 0,219
0,490 0,219
0,490 0,219
0,490 0,219
0,490 0,219
0,490 0,219
0,490 0,219
0,490 0,219
0,490 0,219
0,490 0,219
0,490 0,219
0,490 0,219
0,490 0,219
0,490 0,219
0,490 0,219
0,490 0,219
0,490 0,219
0,490 0,219
0,490 0,219
0,490 0,219
0,490 0,219
0,490 0,219
0,490 0,219
0,490 0,219
0,490 0,219
0,490 0,219
0,490 0,219
0,490 0,219
0,490 0,219
0,490 0,219
0,490 0,219
0,490 0,219
0,490 0,219
0,490 0,219
0,490 0,219
0,490 0,219
0,490 0,219
0,490 0,219
0,490 0,219
0,490 0,219
0,490 0,219
0,490 0,219
0,490 0,219
0,490 0,219
0,490 0,219
0,490 0,219
0,490 0,219
0,490 0,219
0,490 0,219
0,490 0,219
0,490 0,219
0,490 0,219
0,490 0,219
0,490 0,219
0,490 0,219
0,490 0,219
0,490 0,219
0,490 0,219
0,490 0,219
0,490 0,219
0,490 0,219
0,490 0,219
0,490 0,219
0,490 0,219
0,490 0,219
0,490 0,219
0,490 0,219
0,490 0,219
0,490 0,219
0,490 0,219
0,490 0,219
0,490 0,219
0,490 0,219
0,490 0,219
0,490 0,219
0,490 0,219
0,490 0,219
0,490 0,219
0,490 0,219
0,518 0,305
0,518 0,305
0,518 0,305
0,520 0,306
0,518 0,302
0,520 0,303
0,518 0,299
0,520 0,300
0,520 0,300
0,520 0,300
0,515 0,295
0,513 0,297
0,523 0,339
0,523 0,339
0,658 0,587
0,653 0,581
0,651 0,578
0,651 0,578
0,651 0,578
0,651 0,578
0,651 0,578
0,651 0,578
0,650 0,574
0,651 0,575
0,651 0,575
0,648 0,573
0,646 0,572
0,646 0,572
0,645 0,570
0,661 0,593
0,658 0,586
0,661 0,589
0,661 0,589
0,664 0,593
0,632 0,548
0,628 0,546
0,628 0,546
0,628 0,548
0,638 0,564
0,640 0,569
0,719 0,672
0,729 0,683
0,737 0,696
0,740 0,702
0,255 0,222